5.71 19.26 4.52
17.14 18.83 1.13
19.59 10.64 5.86
6.85 14.9 5.14
5.92 7.56 3.59
10.54 16.02 2.67
19.42 9.52 0.38
16.97 19.21 0.1
17.76 5.27 6.25
15.61 6.56 0.94
7.95 6.13 4.88
5.74 15.11 5.04
17.03 1.84 4.69
14.99 10.8 4.5
13.81 18.18 4.73
14.2 11.86 1.78
15.53 6.62 0.04
15.15 5.58 0.76
17.96 6.49 3.54
13.76 9.28 4.41
19.1 6.99 2.91
2.96 0.96 2.0
16.65 16.99 5.95
17.78 16.22 2.25
14.59 14.64 4.79
1.09 0.66 4.19
5.32 7.17 5.87
6.12 19.37 0.43
12.52 19.92 3.09
18.54 14.09 3.99
12.08 12.39 0.71
5.26 19.01 2.06
8.92 11.79 5.78
14.08 12.71 5.12
12.62 8.59 4.57
17.6 2.35 2.39
6.58 2.65 5.41
13.77 19.92 4.99
9.18 15.41 0.13
15.14 14.32 4.01
1.65 16.32 0.54
8.45 2.21 5.29
7.2 5.89 1.54
4.74 6.21 0.85
0.42 19.73 1.04
1.68 0.44 2.79
7.25 4.76 4.18
17.93 13.37 2.64
14.5 15.39 4.88
7.69 3.54 2.63
